0.9532536084142154
0.8189926907001768
0.7726398009975837
0.7349931377571551
0.6748586710276923
0.6360687601901027
0.6090401629263588
0.5896658267238485
0.5755120248053038
0.5658078755596029
0.55364677760565
0.5459271051456295
0.5340780529553638
0.5283940717030807
0.525132879132071
0.5154684054671302
0.512581120299469
0.5084094400668505
0.5020294827338686
0.5020936143707251
0.4959374847087695
0.49403097820076003
0.49404086896719224
0.4889095721054283
0.48782627622458125
0.48456423393336023
0.4836778106493775
0.4820761031774929
0.4804694322350216
0.4763083082682113
0.4757214348208055
0.47356379315353625
0.4715444381885858
0.4719521043496307
0.4670111049714923
0.46777630644019685
0.46726447929573883
0.46309530683521577
0.459542048415149
0.46100188627613803
0.46180915549300916
0.4610950521336261
0.45682250120984813
0.460087258151489
0.4568696015596905
0.45663880188315786
0.45294686817195967
0.45277728407480805
0.45238311804396547
0.4500783188167968
0.4530538830334888
0.45131108242028734
0.45406523070119115
0.44871893892020437
0.4494396976595563
0.4454752451722102
0.44694500987782076
0.44975230284437506
0.4495118725119605
0.44416813864563764
0.4429700686787426
0.4469000608308269
0.44250463589736244
0.4440705182099188
0.4456131370742172
0.441221556511605
0.4407100434823376
0.44392724068066985
0.4420616448440511
0.4409552130920583
0.43934150294402763
0.4409390769689696
0.4392979986981748
0.4431814096916314
0.43888286959790257
0.44264809391411025
0.44023616383451625
0.438101139362121
0.4372374366478065
0.4398234359775197
0.44010313463520023
0.44024777032644136
0.44077245598220416
0.4382888444942738
0.44258497780909034
0.4414788904895535
0.43890673868342045
0.4403283380406464
0.4406599469370255
0.4368421423126245
0.4364126172101781
0.43840105043116706
0.4386571957920849
0.44154365183725214
0.44112432730378137
0.43887106298627915
0.43978306271345
0.44004871353474856
0.4380182386345791
0.4401050471976303
0.43697140592735734
0.4381077960938151
0.44003540702309
0.44034653200444085
0.4392035419431155
