step,value
46,0.9532536268234253
47,0.8189926743507385
48,0.772639811038971
49,0.7349931597709656
50,0.6748586893081665
51,0.6360687613487244
52,0.6090401411056519
53,0.5896658301353455
54,0.5755120515823364
55,0.5658078789710999
56,0.5536468029022217
57,0.545927107334137
58,0.534078061580658
59,0.5283940434455872
60,0.5251328945159912
61,0.515468418598175
62,0.5125811100006104
63,0.5084094405174255
64,0.5020294785499573
65,0.5020936131477356
66,0.4959374964237213
67,0.49403098225593567
68,0.4940408766269684
69,0.4889095723628998
70,0.48782628774642944
71,0.48456424474716187
72,0.48367780447006226
73,0.48207610845565796
74,0.4804694354534149
75,0.47630831599235535
76,0.47572144865989685
77,0.4735637903213501
78,0.47154444456100464
79,0.4719521105289459
80,0.46701109409332275
81,0.4677762985229492
82,0.46726447343826294
83,0.4630953073501587
84,0.45954203605651855
85,0.4610018730163574
86,0.4618091583251953
87,0.46109506487846375
88,0.4568225145339966
89,0.46008726954460144
90,0.45686960220336914
91,0.45663881301879883
92,0.45294687151908875
93,0.45277729630470276
94,0.4523831307888031
95,0.4500783085823059
96,0.45305389165878296
97,0.4513110816478729
98,0.4540652334690094
99,0.44871893525123596
100,0.4494397044181824
101,0.4454752504825592
102,0.4469450116157532
103,0.4497523009777069
104,0.44951188564300537
105,0.4441681504249573
106,0.44297006726264954
107,0.44690006971359253
108,0.4425046443939209
109,0.4440705180168152
110,0.44561314582824707
111,0.44122156500816345
112,0.44071003794670105
113,0.44392722845077515
114,0.4420616328716278
115,0.4409552216529846
116,0.4393415153026581
117,0.4409390687942505
118,0.43929800391197205
119,0.4431813955307007
120,0.43888285756111145
121,0.4426480829715729
122,0.4402361512184143
123,0.4381011426448822
124,0.4372374415397644
125,0.4398234486579895
126,0.440103143453598
127,0.4402477741241455
128,0.4407724440097809
129,0.4382888376712799
130,0.4425849914550781
131,0.4414788782596588
132,0.438906729221344
133,0.44032832980155945
134,0.44065994024276733
135,0.436842143535614
136,0.43641260266304016
137,0.4384010434150696
138,0.4386571943759918
139,0.4415436387062073
140,0.4411243200302124
141,0.4388710558414459
142,0.4397830665111542
143,0.4400487244129181
144,0.43801823258399963
145,0.44010505080223083
146,0.43697139620780945
147,0.43810778856277466
148,0.4400354027748108
149,0.44034653902053833
150,0.43920353055000305
