1.206678748774477
0.9647997952434466
0.8706898537361853
0.8092241732657084
0.7474373799163373
0.6760292873269281
0.6302989727735004
0.5994249660819447
0.5783951823191303
0.5634068793920924
0.5482707632540627
0.5390189656943534
0.5265591778585257
0.520067386313082
0.5152184840283692
0.5054282449491596
0.5030198028999064
0.4983632579992966
0.49219601554695525
0.4916634594389996
0.48512810932122347
0.48288738051706975
0.4822251680216573
0.47753837550175626
0.4762000186010777
0.47219536455094685
0.47126452917671613
0.46899741965287706
0.46687518250092575
0.46311478680462353
0.46287781772551734
0.460767337106989
0.45786372889195354
0.45787800864576006
0.45244623672370005
0.4526807331111982
0.4514541188918746
0.44835301281051554
0.44463406371246406
0.4447763535811628
0.4450286904884981
0.44337768006273276
0.4392546993996103
0.44278643371991927
0.4380412560688497
0.43829780044617456
