step,value
1,1.2066787481307983
2,0.9647998213768005
3,0.870689868927002
4,0.8092241883277893
5,0.7474373579025269
6,0.6760292649269104
7,0.6302989721298218
8,0.5994249582290649
9,0.5783951878547668
10,0.5634068846702576
11,0.5482707619667053
12,0.539018988609314
13,0.5265591740608215
14,0.5200673937797546
15,0.5152184963226318
16,0.5054282546043396
17,0.5030198097229004
18,0.4983632564544678
19,0.4921960234642029
20,0.49166345596313477
21,0.48512810468673706
22,0.4828873872756958
23,0.4822251796722412
24,0.4775383770465851
25,0.47620001435279846
26,0.4721953570842743
27,0.4712645411491394
28,0.46899741888046265
29,0.46687519550323486
30,0.46311479806900024
31,0.4628778100013733
32,0.46076732873916626
33,0.4578637182712555
34,0.4578780233860016
35,0.45244622230529785
36,0.4526807367801666
37,0.45145413279533386
38,0.44835302233695984
39,0.4446340501308441
40,0.44477635622024536
41,0.445028692483902
42,0.44337767362594604
43,0.4392547011375427
44,0.44278642535209656
45,0.4380412697792053
46,0.4382978081703186
