0
32.903868672496905
48.093693030256986
55.44338954385372
58.99786231061864
61.14376332132143
62.1484132302848
62.935412021298575
62.5134373086108
64.81743883861277
65.06826511433374
65.95526336430453
66.18033137951208
67.03137665682435
66.40131485226301
67.3111579670506
67.87194879922403
68.12970942147054
67.75670079873143
68.32252459251605
68.04614716652925
68.2734123695839
68.3557362669684
68.40657842180127
68.3671491061296
68.56330071288762
68.44139633164788
68.52152280112831
68.5761037319518
68.53047400567361
68.47687379832867
