1.2118224730594553
0.9754928388183923
0.8757649353939853
0.8157319910234685
0.7637161329495821
0.7197784230863448
0.6830462781645411
0.6501312171812538
0.6050010191450874
0.5859867041059535
0.5722746442976615
0.5627921093282082
0.5519978708929295
0.5466024562180472
0.5413590427354086
0.5344452349830875
0.5288951830040637
0.5259373739468965
0.5214222242935098
0.5179992379902079
0.5167240914252165
0.5107298023837934
0.5085567014251682
0.5062149781546147
0.5036871456842629
0.5015152444513582
0.4999759019278794
0.49894722965981464
0.49579850876931664
0.49235969460267814
0.488561852844499
0.48941166542416853
0.4892307049936528
0.48701849579811096
0.4853142627709203
0.4814249492377686
0.4817850383923208
0.47960832680729654
0.47924569116221916
0.4778227452751544
0.47713083050233857
0.4748245396631227
0.4750037921418389
0.47084630727767945
0.46953800552182917
0.47145403297685035
0.4692276688788435
0.4653983187761238
0.469637681168618
0.46738550341386587
0.46740515939623334
0.4671754063462182
0.4641044653576913
0.463735178949164
0.460220367917054
0.46040989327773774
0.4593822687221088
0.4556637742536531
0.45751033206637814
0.4566791991535708
0.4564054988699851
0.45695266980919047
0.45579905925894815
0.4530918888908496
0.45233186817855286
0.45279581053651496
0.45256333994350845
0.4496425992936539
0.4515085873843955
0.44814645493630884
0.44720434366370276
0.44941101760315383
0.4494398543946177
0.4450248742275101
0.44546832716722284
0.44619720278026387
0.4460491355374563
0.446113627462936
0.44571503233566556
0.4451102490476567
0.4443874408015244
0.44217757702731403
0.44288104952668117
0.4408993652398638
0.4422142402302447
0.4428365034165142
0.4413863584292021
0.44051198288262317
0.4411664891586029
0.44145473211789305
0.4402551145219117
0.4381489566333002
0.4377660945593882
0.44010676411416033
0.4372670234107285
0.4354793136068385
0.4355657381119488
0.4380409841486018
0.4372118010795374
0.43653368045100205
0.43266987847767285
0.43559980349575017
0.43467384857668295
0.4345073655783701
0.4344431437176766
0.4338925606912846
0.43324084539207625
0.4320476514830006
0.43462901621413746
0.4342388717819461
0.43404894458304205
0.43449603587174584
0.43097140951979934
0.43064375232449537
0.43418212970383735
0.43170117079782827
0.4316927294508159
0.43086288708577053
0.43123595611654597
0.4348301951404956
0.43283540756582356
0.4329537097069857
0.4313575167021305
0.4314026040567769
0.43359165991381776
0.43313105946822134
0.4302907653206544
0.43230805965207464
0.4309343289557121
0.4323461222991669
0.4341034758862832
0.4302649317456664
0.43149606649824185
0.4287357236198384
0.43283492909918586
0.43115866994686264
0.4305756976278566
0.4295296843746583
0.43157981784223653
0.4316445962559405
0.4332192598915786
0.43239175287082043
0.429543618504092
0.4297997680070589
0.43097590943463415
0.42968813468226424
0.43125104415330956
0.4332303617498
0.42805105362007084
0.4305038452577248
