step,value
1,1.211822509765625
2,0.9754928350448608
3,0.8757649064064026
4,0.8157320022583008
5,0.7637161612510681
6,0.7197784185409546
7,0.683046281337738
8,0.6501312255859375
9,0.6050010323524475
10,0.5859867334365845
11,0.5722746253013611
12,0.5627921223640442
13,0.5519979000091553
14,0.5466024279594421
15,0.5413590669631958
16,0.5344452261924744
17,0.5288951992988586
18,0.5259373784065247
19,0.5214222073554993
20,0.5179992318153381
21,0.5167241096496582
22,0.5107297897338867
23,0.5085567235946655
24,0.50621497631073
25,0.5036871433258057
26,0.50151526927948
27,0.49997588992118835
28,0.49894723296165466
29,0.4957984983921051
30,0.4923596978187561
31,0.48856183886528015
32,0.4894116520881653
33,0.4892306923866272
34,0.48701849579811096
35,0.4853142499923706
36,0.4814249575138092
37,0.48178502917289734
38,0.47960832715034485
39,0.47924569249153137
40,0.47782275080680847
41,0.47713083028793335
42,0.47482454776763916
43,0.47500377893447876
44,0.4708462953567505
45,0.46953800320625305
46,0.47145402431488037
47,0.46922767162323
48,0.46539831161499023
49,0.4696376919746399
50,0.46738550066947937
51,0.46740517020225525
52,0.4671753942966461
53,0.46410447359085083
54,0.4637351930141449
55,0.4602203667163849
56,0.46040987968444824
57,0.4593822658061981
58,0.4556637704372406
59,0.4575103223323822
60,0.45667919516563416
61,0.45640549063682556
62,0.45695266127586365
63,0.45579907298088074
64,0.45309188961982727
65,0.45233187079429626
66,0.4527958035469055
67,0.4525633454322815
68,0.4496425986289978
69,0.4515085816383362
70,0.4481464624404907
71,0.4472043514251709
72,0.449411004781723
73,0.4494398534297943
74,0.44502487778663635
75,0.44546833634376526
76,0.4461972117424011
77,0.44604912400245667
78,0.44611361622810364
79,0.4457150399684906
80,0.4451102614402771
81,0.44438743591308594
82,0.44217756390571594
83,0.4428810477256775
84,0.4408993721008301
85,0.4422142505645752
86,0.4428364932537079
87,0.4413863718509674
88,0.4405119717121124
89,0.441166490316391
90,0.4414547383785248
91,0.4402551054954529
92,0.43814894556999207
93,0.43776610493659973
94,0.44010674953460693
95,0.4372670352458954
96,0.4354793131351471
97,0.4355657398700714
98,0.43804097175598145
99,0.437211811542511
100,0.43653368949890137
101,0.43266987800598145
102,0.43559980392456055
103,0.43467384576797485
104,0.4345073699951172
105,0.4344431459903717
106,0.43389254808425903
107,0.4332408308982849
108,0.43204766511917114
109,0.43462902307510376
110,0.43423888087272644
111,0.43404895067214966
112,0.43449604511260986
113,0.4309714138507843
114,0.430643767118454
115,0.43418213725090027
116,0.4317011833190918
117,0.4316927194595337
118,0.4308628737926483
119,0.4312359690666199
120,0.4348301887512207
121,0.4328354001045227
122,0.43295371532440186
123,0.4313575029373169
124,0.4314025938510895
125,0.43359166383743286
126,0.43313106894493103
127,0.43029075860977173
128,0.43230804800987244
129,0.430934339761734
130,0.4323461353778839
131,0.43410348892211914
132,0.4302649199962616
133,0.4314960539340973
134,0.42873573303222656
135,0.4328349232673645
136,0.4311586618423462
137,0.4305756986141205
138,0.42952969670295715
139,0.4315798282623291
140,0.43164458870887756
141,0.4332192540168762
142,0.4323917627334595
143,0.4295436143875122
144,0.42979976534843445
145,0.43097591400146484
146,0.42968812584877014
147,0.43125104904174805
148,0.43323037028312683
149,0.42805105447769165
150,0.43050384521484375
